0.1 1.24132 2.69328
0.11 1.21946 2.36269
0.12 1.04718 1.68434
0.13 1.03928 1.67497
0.14 0.962762 1.30468
0.15 0.861428 1.01107
0.16 0.851715 0.978833
0.17 0.835618 0.843031
0.18 0.791149 0.758354
0.19 0.730498 0.555342
0.2 0.736456 0.572354
0.21 0.699918 0.480846
0.22 0.689791 0.441967
0.23 0.650636 0.338711
0.24 0.633539 0.310383
0.25 0.619617 0.273696
0.26 0.606413 0.239824
0.27 0.590999 0.210599
0.28 0.595286 0.19271
0.29 0.577194 0.162114
0.3 0.573404 0.148067
0.31 0.550076 0.112681
0.32 0.548305 0.103201
0.33 0.537993 0.0856665
0.34 0.539861 0.07923
0.35 0.535967 0.070201
0.36 0.523849 0.0548113
0.37 0.52176 0.0482176
0.38 0.520838 0.0391003
0.39 0.512723 0.0304564
0.4 0.514756 0.0270774
0.41 0.509087 0.0199686
0.42 0.507218 0.015437
0.43 0.505909 0.0114382
0.44 0.502957 0.00812789
0.45 0.503582 0.00567474
0.46 0.501341 0.00338867
0.47 0.500905 0.0018802
0.48 0.500075 0.000794448
0.49 0.499914 0.000191606
0.5 0.5 0
0.51 0.500108 0.00019389
0.52 0.500516 0.000764703
0.53 0.501178 0.0016584
0.54 0.5015 0.0029755
0.55 0.502345 0.00451122
0.56 0.502212 0.00673465
0.57 0.504266 0.00848717
0.58 0.507076 0.0108796
0.59 0.505249 0.0138155
0.6 0.509408 0.016656
0.61 0.510539 0.0198942
0.62 0.512944 0.0231927
0.63 0.514372 0.0265704
0.64 0.515579 0.0310183
0.65 0.518174 0.0355505
0.66 0.517591 0.0400089
0.67 0.524437 0.041944
0.68 0.523945 0.0478676
0.69 0.530427 0.0504663
0.7 0.528441 0.061064
0.71 0.534643 0.0611803
0.72 0.5348 0.0692383
0.73 0.54005 0.0742227
0.74 0.542495 0.0794351
0.75 0.539517 0.0889699
0.76 0.548752 0.0886253
0.77 0.547575 0.0963923
0.78 0.551617 0.107435
0.79 0.552857 0.110811
0.8 0.557512 0.115602
0.81 0.558541 0.126334
0.82 0.567857 0.132053
0.83 0.564688 0.139977
0.84 0.567996 0.149835
0.85 0.566747 0.158579
0.86 0.571878 0.163071
0.87 0.573603 0.173633
0.88 0.580293 0.179374
0.89 0.585823 0.184308
0.9 0.590822 0.194607
0.91 0.58995 0.200468
0.92 0.599522 0.207465
0.93 0.600438 0.220506
0.94 0.5995 0.242282
0.95 0.607951 0.234043
0.96 0.613692 0.242921
0.97 0.608487 0.265227
0.98 0.621463 0.258637
0.99 0.625498 0.261782
1 0.623456 0.285128
1.01 0.630608 0.287976
1.02 0.636636 0.290869
1.03 0.637055 0.318612
1.04 0.631266 0.333521
1.05 0.647566 0.327631
1.06 0.645773 0.33646
1.07 0.649342 0.357645
1.08 0.658568 0.357738
1.09 0.663056 0.366755
