0.1 26.1874 55.2475
0.11 23.6817 45.7871
0.12 22.1196 39.4933
0.13 20.4598 32.0458
0.14 19.327 26.6506
0.15 18.2182 22.9063
0.16 17.044 18.998
0.17 16.3217 16.5397
0.18 15.7119 14.8762
0.19 14.9323 12.1331
0.2 14.5122 11.3165
0.21 14.0224 9.81611
0.22 13.5902 8.35456
0.23 13.1928 7.64224
0.24 12.8248 6.20415
0.25 12.5046 5.56179
0.26 12.2163 4.95016
0.27 12.002 4.2919
0.28 11.7142 3.80426
0.29 11.5105 3.18851
0.3 11.3188 2.8456
0.31 11.1842 2.48588
0.32 11.0551 2.1402
0.33 10.9156 1.84972
0.34 10.7635 1.53766
0.35 10.6368 1.31313
0.36 10.5501 1.10981
0.37 10.455 0.93061
0.38 10.3911 0.777633
0.39 10.3047 0.626371
0.4 10.2466 0.50533
0.41 10.2159 0.402692
0.42 10.1498 0.304837
0.43 10.1111 0.229756
0.44 10.0691 0.16478
0.45 10.0547 0.114263
0.46 10.0299 0.0689595
0.47 10.0166 0.0372399
0.48 10.0063 0.0164075
0.49 10.0035 0.00409079
0.5 10 0
0.51 10.0037 0.00388834
0.52 10.0086 0.0152097
0.53 10.0127 0.0344298
0.54 10.0247 0.0606455
0.55 10.045 0.0910959
0.56 10.0694 0.128987
0.57 10.0928 0.171763
0.58 10.1072 0.217416
0.59 10.1383 0.280444
0.6 10.175 0.338941
0.61 10.2065 0.393496
0.62 10.2326 0.466533
0.63 10.2598 0.54934
0.64 10.3116 0.613802
0.65 10.3462 0.695275
0.66 10.3782 0.793668
0.67 10.4346 0.872497
0.68 10.4652 0.972702
0.69 10.5278 1.05883
0.7 10.5644 1.18851
0.71 10.6077 1.28391
0.72 10.652 1.42414
0.73 10.6955 1.52234
0.74 10.775 1.61433
0.75 10.8246 1.7728
0.76 10.9013 1.83161
0.77 10.9257 2.01347
0.78 11.0183 2.10865
0.79 11.0522 2.26261
0.8 11.0939 2.42381
0.81 11.196 2.5255
0.82 11.2319 2.65154
0.83 11.3072 2.7842
0.84 11.3656 2.97606
0.85 11.492 3.0698
0.86 11.5158 3.20549
0.87 11.5731 3.42345
0.88 11.6738 3.48263
0.89 11.6846 3.7688
0.9 11.7504 3.86997
0.91 11.8563 3.96549
0.92 11.9475 4.12101
0.93 11.9722 4.4209
0.94 12.0169 4.58049
0.95 12.1494 4.62248
0.96 12.197 5.03411
0.97 12.2891 5.1307
0.98 12.3394 5.27059
0.99 12.3815 5.46816
1 12.5375 5.54844
1.01 12.5799 5.73869
1.02 12.6693 6.01263
1.03 12.6918 6.25933
1.04 12.7958 6.43951
1.05 12.9027 6.37832
1.06 12.9824 6.76388
1.07 13.0644 6.89451
1.08 13.1204 7.17663
1.09 13.1839 7.34923
