0.1 39.1451 94.9754
0.11 35.4293 67.8291
0.12 33.2025 60.5744
0.13 30.8483 49.0712
0.14 28.8329 40.2203
0.15 27.2279 34.0414
0.16 25.7809 29.0382
0.17 24.4385 24.0213
0.18 23.4288 21.3484
0.19 22.4967 19.1712
0.2 21.6507 16.3491
0.21 21.021 13.7337
0.22 20.2101 12.4512
0.23 19.8197 11.1839
0.24 19.3528 9.64218
0.25 18.8045 8.59123
0.26 18.2871 7.49731
0.27 17.995 6.57717
0.28 17.6312 5.90035
0.29 17.2272 4.69446
0.3 16.9931 4.22504
0.31 16.7177 3.76125
0.32 16.4907 3.17155
0.33 16.2988 2.73255
0.34 16.1501 2.32974
0.35 15.9454 1.90236
0.36 15.7992 1.699
0.37 15.6895 1.44231
0.38 15.5648 1.16296
0.39 15.472 0.960037
0.4 15.3926 0.774657
0.41 15.2977 0.600103
0.42 15.2177 0.458252
0.43 15.1762 0.350589
0.44 15.1127 0.242728
0.45 15.0831 0.163668
0.46 15.0476 0.102999
0.47 15.0223 0.0577689
0.48 15.0123 0.024495
0.49 15.002 0.00595628
0.5 15 0
0.51 15.0021 0.00570936
0.52 15.0062 0.0237601
0.53 15.0274 0.0495795
0.54 15.0432 0.0905139
0.55 15.066 0.138041
0.56 15.1023 0.191052
0.57 15.1324 0.257701
0.58 15.1721 0.332841
0.59 15.2096 0.413365
0.6 15.265 0.495281
0.61 15.2916 0.610124
0.62 15.3617 0.697053
0.63 15.4012 0.816679
0.64 15.4709 0.935935
0.65 15.5292 1.07542
0.66 15.5981 1.17679
0.67 15.6351 1.31569
0.68 15.7174 1.48348
0.69 15.786 1.58243
0.7 15.8497 1.75437
0.71 15.9582 1.91619
0.72 16.0153 2.05913
0.73 16.0687 2.25185
0.74 16.2047 2.3853
0.75 16.2831 2.55781
0.76 16.3277 2.74263
0.77 16.4521 2.89757
0.78 16.4832 3.08006
0.79 16.5925 3.32399
0.8 16.6695 3.59484
0.81 16.7729 3.73215
0.82 16.8592 4.00236
0.83 16.9706 4.12999
0.84 17.0936 4.29991
0.85 17.1789 4.58921
0.86 17.2239 4.96582
0.87 17.3676 5.05428
0.88 17.4967 5.20105
0.89 17.5275 5.62054
0.9 17.722 5.75472
0.91 17.7792 6.06666
0.92 17.8942 6.43956
0.93 18.0131 6.4777
0.94 18.0991 6.77416
0.95 18.1623 7.24394
0.96 18.3591 7.35569
0.97 18.411 7.74704
0.98 18.5369 7.89547
0.99 18.6908 8.07054
1 18.7343 8.36114
1.01 18.8811 8.57651
1.02 19.0257 8.8642
1.03 19.1118 9.168
1.04 19.2812 9.41914
1.05 19.2929 9.84326
1.06 19.4228 10.1952
1.07 19.4901 10.8554
1.08 19.7061 10.6378
1.09 19.7723 11.1093
