0.1 3.94082 9.11241
0.11 3.56293 6.5369
0.12 3.41418 6.16838
0.13 2.99799 4.39794
0.14 2.90805 3.99083
0.15 2.77884 3.70986
0.16 2.54572 2.74762
0.17 2.47442 2.58174
0.18 2.33005 2.19028
0.19 2.30006 1.93924
0.2 2.20155 1.67377
0.21 2.08723 1.40057
0.22 2.04046 1.27559
0.23 1.97287 1.06469
0.24 1.92114 0.945348
0.25 1.89148 0.875893
0.26 1.83113 0.744654
0.27 1.80092 0.65532
0.28 1.78282 0.604682
0.29 1.74622 0.530835
0.3 1.70131 0.43025
0.31 1.67474 0.369138
0.32 1.64355 0.302994
0.33 1.63868 0.278283
0.34 1.61457 0.232924
0.35 1.59023 0.191519
0.36 1.58181 0.17124
0.37 1.5679 0.13525
0.38 1.556 0.11879
0.39 1.55478 0.0997594
0.4 1.53951 0.07524
0.41 1.53342 0.0618883
0.42 1.52464 0.0464933
0.43 1.51881 0.0346236
0.44 1.5131 0.024651
0.45 1.50715 0.0161546
0.46 1.50528 0.0107011
0.47 1.50172 0.0055215
0.48 1.50176 0.0025198
0.49 1.49997 0.000586211
0.5 1.5 0
0.51 1.50028 0.000581567
0.52 1.50213 0.00223739
0.53 1.50332 0.00505893
0.54 1.50417 0.00877979
0.55 1.50605 0.0140661
0.56 1.5103 0.0192902
0.57 1.51314 0.0254211
0.58 1.5177 0.0325853
0.59 1.51908 0.0420708
0.6 1.52176 0.0509239
0.61 1.52836 0.0596512
0.62 1.53417 0.0721561
0.63 1.54245 0.0811205
0.64 1.54169 0.0964425
0.65 1.55388 0.104035
0.66 1.5562 0.119442
0.67 1.56285 0.132221
0.68 1.56734 0.151599
0.69 1.57776 0.155836
0.7 1.58395 0.180161
0.71 1.59426 0.184922
0.72 1.58337 0.220918
0.73 1.60745 0.229036
0.74 1.60713 0.249026
0.75 1.63246 0.255152
0.76 1.63298 0.280147
0.77 1.64945 0.292047
0.78 1.64686 0.324142
0.79 1.65138 0.344137
0.8 1.66803 0.356678
0.81 1.66694 0.389842
0.82 1.68859 0.396919
0.83 1.69105 0.427253
0.84 1.70164 0.443564
0.85 1.70557 0.48311
0.86 1.71882 0.493381
0.87 1.74026 0.510096
0.88 1.73409 0.560486
0.89 1.75198 0.569496
0.9 1.76246 0.595569
0.91 1.78441 0.585979
0.92 1.78677 0.625954
0.93 1.7911 0.67321
0.94 1.8199 0.662226
0.95 1.81951 0.713776
0.96 1.81671 0.766468
0.97 1.85411 0.742264
0.98 1.84315 0.817258
0.99 1.87693 0.796758
1 1.87414 0.831563
1.01 1.88053 0.867749
1.02 1.91329 0.879901
1.03 1.92007 0.91285
1.04 1.93468 0.930796
1.05 1.93735 0.982951
1.06 1.95195 0.983624
1.07 1.9524 1.03756
1.08 1.954 1.12349
1.09 1.9699 1.13817
