0.1 388.924 944.224
0.11 357.182 705.318
0.12 330.359 594.4
0.13 307.769 503.203
0.14 288.457 421.064
0.15 271.848 374.106
0.16 258.033 313.948
0.17 246.1 265.889
0.18 234.623 223.557
0.19 224.82 191.538
0.2 217.993 163.093
0.21 208.885 145.62
0.22 203.266 126.356
0.23 197.515 112.87
0.24 191.857 103.5
0.25 187.549 87.9081
0.26 183.159 77.1982
0.27 178.808 66.1621
0.28 175.865 54.0892
0.29 172.553 51.5734
0.3 169.707 41.3011
0.31 167.545 37.9517
0.32 165.112 31.1968
0.33 162.994 26.8912
0.34 161.517 23.5114
0.35 159.41 20.7779
0.36 158.017 16.1484
0.37 156.64 14.115
0.38 155.532 12.254
0.39 154.675 9.05993
0.4 153.723 7.93155
0.41 152.852 6.03505
0.42 152.256 4.67465
0.43 151.732 3.60454
0.44 151.18 2.32204
0.45 150.815 1.68981
0.46 150.524 1.09613
0.47 150.287 0.540442
0.48 150.155 0.254174
0.49 150.023 0.0573173
0.5 150 -6.1118e-10
0.51 150.033 0.0593293
0.52 150.118 0.217215
0.53 150.274 0.495879
0.54 150.423 0.953431
0.55 150.708 1.30234
0.56 150.892 1.98728
0.57 151.308 2.79853
0.58 151.756 3.51223
0.59 152.041 4.07396
0.6 152.534 4.99735
0.61 153.031 5.84635
0.62 153.661 6.70656
0.63 153.979 8.09509
0.64 154.483 9.14213
0.65 155.189 10.4951
0.66 155.933 11.8264
0.67 156.485 12.3408
0.68 157.081 14.6707
0.69 157.891 15.5512
0.7 158.739 16.9689
0.71 159.467 19.23
0.72 160.274 20.3848
0.73 160.801 22.1875
0.74 162.078 23.0303
0.75 162.806 25.2196
0.76 163.474 28.4545
0.77 164.311 27.649
0.78 165.101 29.3201
0.79 166.079 32.6667
0.8 167.369 36.4924
0.81 167.69 37.3411
0.82 168.605 38.4024
0.83 169.795 40.4811
0.84 170.56 42.243
0.85 171.841 42.7251
0.86 172.734 51.9442
0.87 173.05 50.516
0.88 174.531 51.3617
0.89 175.49 58.0308
0.9 176.654 56.915
0.91 177.854 56.6782
0.92 177.783 68.8284
0.93 180.074 61.6475
0.94 180.792 68.6305
0.95 181.769 71.1142
0.96 182.968 70.1184
0.97 184.789 79.7966
0.98 185.516 74.2595
0.99 186.171 80.2728
1 187.639 82.8886
1.01 188.381 90.8772
1.02 190.286 82.2836
1.03 191.431 92.7398
1.04 193.082 96.9702
1.05 192.859 101.576
1.06 194.12 98.4244
1.07 195.689 110.474
1.08 196.578 109.343
1.09 197.373 113.073
