0.1 2.56707 5.48456
0.11 2.34724 4.50002
0.12 2.17677 3.66603
0.13 2.07267 3.41458
0.14 1.9447 2.66003
0.15 1.77062 2.13205
0.16 1.72998 1.97518
0.17 1.64282 1.59968
0.18 1.60165 1.5573
0.19 1.50449 1.23286
0.2 1.46119 1.13822
0.21 1.43248 1.04567
0.22 1.36233 0.865469
0.23 1.30417 0.702766
0.24 1.26076 0.637921
0.25 1.24003 0.551604
0.26 1.22142 0.499919
0.27 1.19442 0.433075
0.28 1.18013 0.373656
0.29 1.15703 0.318641
0.3 1.1408 0.287057
0.31 1.11445 0.240618
0.32 1.10074 0.210498
0.33 1.0809 0.175959
0.34 1.06922 0.150823
0.35 1.06118 0.135248
0.36 1.04359 0.106514
0.37 1.04123 0.0927539
0.38 1.04317 0.0786305
0.39 1.0307 0.0619134
0.4 1.0254 0.0506201
0.41 1.01959 0.0402523
0.42 1.01467 0.0313456
0.43 1.01111 0.0225725
0.44 1.00654 0.0163022
0.45 1.00657 0.0112753
0.46 1.00279 0.00665556
0.47 1.00167 0.00371024
0.48 1.00042 0.0016082
0.49 1.00011 0.000406191
0.5 1 1.52656e-13
0.51 1.00024 0.000388806
0.52 1.00068 0.00156276
0.53 1.00221 0.00337339
0.54 1.00314 0.0059675
0.55 1.00494 0.00912007
0.56 1.00636 0.012838
0.57 1.00706 0.0176556
0.58 1.01358 0.0216715
0.59 1.00806 0.0293493
0.6 1.01957 0.0325669
0.61 1.02128 0.0391826
0.62 1.02415 0.0475822
0.63 1.02534 0.0550571
0.64 1.02843 0.063603
0.65 1.03496 0.0713194
0.66 1.03383 0.0815225
0.67 1.0417 0.0886148
0.68 1.04805 0.0973101
0.69 1.05827 0.105573
0.7 1.06054 0.118314
0.71 1.06297 0.12628
0.72 1.07247 0.134576
0.73 1.07483 0.150527
0.74 1.08189 0.159415
0.75 1.08505 0.169777
0.76 1.09263 0.181783
0.77 1.09263 0.195778
0.78 1.10779 0.204516
0.79 1.10963 0.222731
0.8 1.11464 0.231162
0.81 1.11935 0.251402
0.82 1.13044 0.262697
0.83 1.12805 0.284365
0.84 1.13444 0.295244
0.85 1.13796 0.3116
0.86 1.14288 0.331566
0.87 1.15615 0.3384
0.88 1.16501 0.355988
0.89 1.17602 0.363992
0.9 1.18045 0.374022
0.91 1.17809 0.413415
0.92 1.19066 0.431242
0.93 1.19409 0.447287
0.94 1.19942 0.469228
0.95 1.21813 0.461765
0.96 1.22575 0.48334
0.97 1.21933 0.528406
0.98 1.23816 0.52231
0.99 1.25077 0.5354
1 1.24626 0.569722
1.01 1.26491 0.573011
1.02 1.27104 0.594038
1.03 1.27064 0.632454
1.04 1.27445 0.644257
1.05 1.28816 0.66446
1.06 1.29619 0.667719
1.07 1.29977 0.714198
1.08 1.3115 0.714879
1.09 1.31474 0.743881
