0.1 129.001 291.142
0.11 118.77 227.626
0.12 110.613 200.573
0.13 102.911 165.596
0.14 96.3254 134.41
0.15 90.6784 113.033
0.16 86.2769 96.6874
0.17 81.7167 85.0978
0.18 78.3904 74.8294
0.19 75.1713 65.006
0.2 72.5568 56.055
0.21 70.0157 49.4543
0.22 67.6757 41.6349
0.23 65.8393 36.6371
0.24 63.9805 31.8274
0.25 62.4788 28.1751
0.26 61.0107 25.307
0.27 59.769 22.0842
0.28 58.7723 18.7589
0.29 57.6899 16.1925
0.3 56.5967 14.1414
0.31 55.7707 12.2442
0.32 55.01 10.4964
0.33 54.3893 9.02181
0.34 53.7848 8.15268
0.35 53.1495 6.6628
0.36 52.693 5.62769
0.37 52.3336 4.64032
0.38 51.8561 3.88439
0.39 51.5527 3.09796
0.4 51.2173 2.47046
0.41 50.9857 1.98247
0.42 50.7467 1.54034
0.43 50.5783 1.12572
0.44 50.4067 0.803523
0.45 50.2677 0.545854
0.46 50.1831 0.351931
0.47 50.0842 0.188119
0.48 50.0443 0.0848331
0.49 50.0075 0.020261
0.5 50 -5.33873e-10
0.51 50.0068 0.0198106
0.52 50.0327 0.0787947
0.53 50.0864 0.167758
0.54 50.1642 0.290508
0.55 50.2301 0.446251
0.56 50.3243 0.647672
0.57 50.4392 0.880551
0.58 50.554 1.09645
0.59 50.6859 1.37656
0.6 50.8124 1.74647
0.61 50.9812 2.05735
0.62 51.148 2.37129
0.63 51.3667 2.68838
0.64 51.5488 3.05878
0.65 51.708 3.49788
0.66 51.9797 3.89499
0.67 52.1167 4.47862
0.68 52.3757 4.93097
0.69 52.5755 5.53646
0.7 52.87 5.9836
0.71 53.1091 6.29509
0.72 53.4481 6.77128
0.73 53.6641 7.29925
0.74 53.9017 7.89222
0.75 54.1383 8.78201
0.76 54.3639 9.24465
0.77 54.7215 9.8748
0.78 55.0492 10.4006
0.79 55.4213 11.27
0.8 55.5674 11.8278
0.81 55.9349 12.9725
0.82 56.232 13.0749
0.83 56.5297 14.0593
0.84 56.8394 14.9729
0.85 57.1546 15.5366
0.86 57.5054 16.354
0.87 58.0122 17.0296
0.88 58.3167 17.55
0.89 58.6398 18.6028
0.9 58.9257 19.0785
0.91 59.268 19.5309
0.92 59.3851 21.2116
0.93 59.8626 22.1026
0.94 60.4386 22.4988
0.95 60.67 23.9116
0.96 61.0572 24.3112
0.97 61.4032 25.8252
0.98 61.9173 25.7859
0.99 62.2525 26.5406
1 62.4446 28.2548
1.01 62.8364 29.1374
1.02 63.1075 30.1224
1.03 63.7499 31.9687
1.04 64.0727 32.9477
1.05 64.5313 33.3557
1.06 64.8685 34.9627
1.07 65.2413 34.4777
1.08 65.5897 34.8662
1.09 65.9059 37.6776
