0.1 260.75 549.084
0.11 238.258 478.772
0.12 221.056 386.27
0.13 204.192 318.445
0.14 192.357 249.482
0.15 182.346 233.998
0.16 172.56 200.071
0.17 164.131 171.544
0.18 156.916 133.808
0.19 150.796 124.4
0.2 145.178 116.641
0.21 140.18 97.1273
0.22 135.591 80.2049
0.23 131.996 70.5685
0.24 127.843 67.2322
0.25 125.26 59.897
0.26 121.998 47.2761
0.27 119.416 40.3285
0.28 117.335 38.3769
0.29 115.33 32.7362
0.3 113.219 29.2483
0.31 111.671 24.1191
0.32 110.019 21.3936
0.33 108.96 18.2579
0.34 107.376 16.0926
0.35 106.527 13.1035
0.36 105.44 11.3413
0.37 104.551 9.36071
0.38 103.686 7.57111
0.39 103.137 6.26891
0.4 102.487 4.92227
0.41 102.01 3.95267
0.42 101.537 3.08192
0.43 101.107 2.25534
0.44 100.852 1.59434
0.45 100.552 1.07553
0.46 100.381 0.731867
0.47 100.196 0.397674
0.48 100.078 0.162101
0.49 100.02 0.0405656
0.5 100 2.03909e-09
0.51 100.019 0.0393203
0.52 100.076 0.150834
0.53 100.175 0.340594
0.54 100.282 0.604012
0.55 100.486 0.913045
0.56 100.656 1.25215
0.57 100.829 1.81784
0.58 101.058 2.20867
0.59 101.368 2.8283
0.6 101.63 3.35312
0.61 101.965 3.98189
0.62 102.34 4.5276
0.63 102.767 5.70144
0.64 103.07 6.24791
0.65 103.403 7.13487
0.66 103.935 7.9133
0.67 104.379 9.10347
0.68 104.769 9.737
0.69 105.383 10.5871
0.7 105.779 11.7332
0.71 105.988 12.7637
0.72 106.754 13.733
0.73 107.267 15.2136
0.74 107.801 15.5324
0.75 108.293 17.1261
0.76 108.944 19.0896
0.77 109.469 19.6657
0.78 110.065 21.5863
0.79 110.691 22.604
0.8 111.454 23.3828
0.81 111.757 24.4936
0.82 112.499 26.0593
0.83 112.96 27.4958
0.84 113.886 31.5009
0.85 114.38 30.9056
0.86 114.62 30.9747
0.87 115.936 31.5568
0.88 116.403 36.3634
0.89 117.026 39.0694
0.9 117.798 39.4458
0.91 118.789 38.5549
0.92 118.875 41.3319
0.93 119.572 42.1108
0.94 120.577 48.2234
0.95 120.999 47.1374
0.96 122.049 51.2473
0.97 122.877 52.0065
0.98 123.455 49.9126
0.99 124.136 53.7521
1 124.61 55.6115
1.01 125.578 57.3865
1.02 126.808 58.1495
1.03 127.378 62.412
1.04 128.232 65.3429
1.05 128.919 65.9108
1.06 129.824 67.9409
1.07 130.376 69.1703
1.08 131.081 75.1298
1.09 131.563 73.2383
