0.1 1.24132 2.69328
0.11 1.21946 2.36269
0.12 1.04718 1.68434
0.13 1.03928 1.67497
0.14 0.962762 1.30468
0.15 0.861428 1.01107
0.16 0.851715 0.978833
0.17 0.835618 0.843031
0.18 0.791149 0.758354
0.19 0.730498 0.555342
0.2 0.736456 0.572354
0.21 0.699918 0.480846
0.22 0.689791 0.441967
0.23 0.650636 0.338711
0.24 0.633539 0.310383
0.25 0.619617 0.273696
0.26 0.606413 0.239824
0.27 0.590999 0.210599
0.28 0.595286 0.19271
0.29 0.577194 0.162114
0.3 0.573404 0.148067
0.31 0.550076 0.112681
0.32 0.548305 0.103201
0.33 0.537993 0.0856665
0.34 0.539861 0.07923
0.35 0.535967 0.0702011
0.36 0.523849 0.0548113
0.37 0.52176 0.0482176
0.38 0.520838 0.0391003
0.39 0.512723 0.0304564
0.4 0.514756 0.0270775
0.41 0.509087 0.0199686
0.42 0.507218 0.015437
0.43 0.505909 0.0114383
0.44 0.502957 0.00812791
0.45 0.503582 0.00567475
0.46 0.501341 0.00338868
0.47 0.500905 0.00188021
0.48 0.500075 0.000794452
0.49 0.499914 0.000191609
0.5 0.5 1.21014e-14
0.51 0.500108 0.000193887
0.52 0.500516 0.000764698
0.53 0.501178 0.00165839
0.54 0.5015 0.00297549
0.55 0.502345 0.00451121
0.56 0.502212 0.00673463
0.57 0.504266 0.00848715
0.58 0.507075 0.0108796
0.59 0.505249 0.0138155
0.6 0.509408 0.0166559
0.61 0.510539 0.0198942
0.62 0.512944 0.0231927
0.63 0.514372 0.0265704
0.64 0.515579 0.0310183
0.65 0.518174 0.0355504
0.66 0.517591 0.0400088
0.67 0.524437 0.041944
0.68 0.523945 0.0478676
0.69 0.530427 0.0504662
0.7 0.528441 0.0610639
0.71 0.534643 0.0611802
0.72 0.5348 0.0692382
0.73 0.54005 0.0742226
0.74 0.542494 0.079435
0.75 0.539517 0.0889698
0.76 0.548752 0.0886252
0.77 0.547575 0.0963922
0.78 0.551617 0.107435
0.79 0.552857 0.110811
0.8 0.557512 0.115602
0.81 0.558541 0.126333
0.82 0.567857 0.132053
0.83 0.564688 0.139976
0.84 0.567996 0.149835
0.85 0.566747 0.158578
0.86 0.571878 0.163071
0.87 0.573603 0.173633
0.88 0.580293 0.179374
0.89 0.585822 0.184308
0.9 0.590822 0.194607
0.91 0.58995 0.200467
0.92 0.599522 0.207464
0.93 0.600438 0.220506
0.94 0.5995 0.242282
0.95 0.607951 0.234043
0.96 0.613692 0.242921
0.97 0.608487 0.265227
0.98 0.621463 0.258636
0.99 0.625498 0.261781
1 0.623456 0.285128
1.01 0.630608 0.287976
1.02 0.636635 0.290869
1.03 0.637055 0.318612
1.04 0.631266 0.333521
1.05 0.647566 0.327631
1.06 0.645773 0.336459
1.07 0.649342 0.357645
1.08 0.658568 0.357738
1.09 0.663056 0.366755
