0.1 3.94082 9.11241
0.11 3.56293 6.5369
0.12 3.41418 6.16838
0.13 2.99799 4.39794
0.14 2.90805 3.99083
0.15 2.77884 3.70986
0.16 2.54572 2.74762
0.17 2.47442 2.58174
0.18 2.33005 2.19028
0.19 2.30006 1.93924
0.2 2.20155 1.67377
0.21 2.08723 1.40057
0.22 2.04046 1.27559
0.23 1.97287 1.06469
0.24 1.92114 0.945348
0.25 1.89148 0.875893
0.26 1.83113 0.744654
0.27 1.80092 0.65532
0.28 1.78282 0.604682
0.29 1.74622 0.530835
0.3 1.70131 0.430251
0.31 1.67474 0.369138
0.32 1.64355 0.302994
0.33 1.63868 0.278283
0.34 1.61457 0.232924
0.35 1.59023 0.191519
0.36 1.58181 0.17124
0.37 1.5679 0.13525
0.38 1.556 0.11879
0.39 1.55478 0.0997594
0.4 1.53951 0.0752401
0.41 1.53342 0.0618884
0.42 1.52464 0.0464934
0.43 1.51881 0.0346236
0.44 1.5131 0.024651
0.45 1.50715 0.0161546
0.46 1.50528 0.0107011
0.47 1.50172 0.00552152
0.48 1.50176 0.00251981
0.49 1.49997 0.000586218
0.5 1.5 2.42917e-13
0.51 1.50028 0.00058156
0.52 1.50213 0.00223737
0.53 1.50332 0.00505891
0.54 1.50417 0.00877976
0.55 1.50605 0.014066
0.56 1.5103 0.0192901
0.57 1.51314 0.025421
0.58 1.5177 0.0325852
0.59 1.51908 0.0420707
0.6 1.52176 0.0509238
0.61 1.52836 0.0596511
0.62 1.53417 0.0721559
0.63 1.54245 0.0811204
0.64 1.54169 0.0964423
0.65 1.55388 0.104035
0.66 1.5562 0.119442
0.67 1.56285 0.132221
0.68 1.56734 0.151598
0.69 1.57775 0.155835
0.7 1.58395 0.18016
0.71 1.59426 0.184922
0.72 1.58337 0.220918
0.73 1.60745 0.229035
0.74 1.60712 0.249025
0.75 1.63246 0.255151
0.76 1.63298 0.280146
0.77 1.64945 0.292047
0.78 1.64686 0.324142
0.79 1.65138 0.344136
0.8 1.66803 0.356678
0.81 1.66694 0.389841
0.82 1.68859 0.396919
0.83 1.69105 0.427252
0.84 1.70164 0.443563
0.85 1.70557 0.483109
0.86 1.71882 0.49338
0.87 1.74026 0.510095
0.88 1.73409 0.560485
0.89 1.75198 0.569495
0.9 1.76246 0.595568
0.91 1.78441 0.585978
0.92 1.78677 0.625953
0.93 1.7911 0.673209
0.94 1.8199 0.662225
0.95 1.81951 0.713775
0.96 1.81671 0.766467
0.97 1.85411 0.742263
0.98 1.84315 0.817257
0.99 1.87693 0.796757
1 1.87414 0.831561
1.01 1.88053 0.867748
1.02 1.91329 0.8799
1.03 1.92007 0.912848
1.04 1.93468 0.930795
1.05 1.93735 0.98295
1.06 1.95195 0.983622
1.07 1.9524 1.03756
1.08 1.95399 1.12349
1.09 1.9699 1.13817
