0.1 12.8659 26.7461
0.11 11.883 23.4272
0.12 10.9762 18.8458
0.13 10.4622 16.0471
0.14 9.70012 13.61
0.15 8.99016 10.9295
0.16 8.72047 10.0349
0.17 8.30109 8.78205
0.18 7.85868 7.33373
0.19 7.4958 6.29414
0.2 7.23431 5.40124
0.21 6.99177 4.93407
0.22 6.84461 4.36781
0.23 6.5977 3.57742
0.24 6.36794 3.10812
0.25 6.26755 2.9348
0.26 6.1455 2.50947
0.27 5.97434 2.1628
0.28 5.85471 1.8749
0.29 5.79417 1.66418
0.3 5.68642 1.47822
0.31 5.58628 1.23491
0.32 5.50461 1.05848
0.33 5.42056 0.877106
0.34 5.38081 0.772586
0.35 5.33434 0.637221
0.36 5.26683 0.570258
0.37 5.23667 0.465465
0.38 5.17694 0.37919
0.39 5.14882 0.318598
0.4 5.12691 0.249901
0.41 5.08972 0.194513
0.42 5.0701 0.150234
0.43 5.05652 0.115454
0.44 5.04421 0.0817512
0.45 5.02757 0.0544544
0.46 5.01743 0.0347595
0.47 5.00762 0.0185364
0.48 5.00323 0.00843319
0.49 5.00125 0.00206866
0.5 5 1.98597e-12
0.51 5.00164 0.00192205
0.52 5.00556 0.0073782
0.53 5.00604 0.0172896
0.54 5.01465 0.0292269
0.55 5.02398 0.0438228
0.56 5.03446 0.063131
0.57 5.04555 0.0866735
0.58 5.05312 0.112546
0.59 5.0708 0.138561
0.6 5.08097 0.169818
0.61 5.09314 0.202939
0.62 5.11401 0.237284
0.63 5.13934 0.264452
0.64 5.15372 0.311932
0.65 5.17298 0.34993
0.66 5.20073 0.39037
0.67 5.20868 0.448307
0.68 5.23901 0.488673
0.69 5.26272 0.531741
0.7 5.27872 0.59075
0.71 5.31206 0.64777
0.72 5.33759 0.67856
0.73 5.35733 0.74327
0.74 5.40344 0.804119
0.75 5.40557 0.878151
0.76 5.45007 0.9382
0.77 5.4631 0.999923
0.78 5.49027 1.08969
0.79 5.53177 1.13024
0.8 5.56596 1.18098
0.81 5.58379 1.27157
0.82 5.62107 1.33223
0.83 5.65079 1.40484
0.84 5.68122 1.47924
0.85 5.72495 1.50907
0.86 5.74631 1.61976
0.87 5.789 1.68728
0.88 5.82894 1.73872
0.89 5.85659 1.8708
0.9 5.90527 1.93062
0.91 5.91395 2.00521
0.92 5.95303 2.09681
0.93 6.00699 2.1756
0.94 6.02874 2.26296
0.95 6.03215 2.45696
0.96 6.10002 2.42714
0.97 6.15057 2.49697
0.98 6.188 2.55335
0.99 6.21436 2.73312
1 6.2554 2.80609
1.01 6.28782 2.86191
1.02 6.32436 2.99959
1.03 6.37552 3.12452
1.04 6.39599 3.25288
1.05 6.46464 3.26099
1.06 6.49434 3.31677
1.07 6.48905 3.51777
1.08 6.52991 3.60809
1.09 6.62073 3.62187
