0.1 40.9559 86.9603
0.11 37.9496 70.4694
0.12 35.3858 57.5217
0.13 33.4187 48.4963
0.14 31.6572 40.8635
0.15 30.1083 34.029
0.16 28.9353 29.4526
0.17 27.854 25.1039
0.18 27.0268 22.0613
0.19 26.2595 19.1872
0.2 25.6237 16.6029
0.21 25.009 14.3124
0.22 24.5218 12.556
0.23 24.1398 10.984
0.24 23.7784 9.55648
0.25 23.4986 8.39815
0.26 23.2636 7.31817
0.27 23.0753 6.42672
0.28 22.9162 5.59101
0.29 22.7621 4.8317
0.3 22.6781 4.20899
0.31 22.6085 3.66032
0.32 22.5653 3.15822
0.33 22.5531 2.71994
0.34 22.5496 2.29506
0.35 22.5766 1.95737
0.36 22.6079 1.63592
0.37 22.6587 1.37087
0.38 22.7285 1.11782
0.39 22.8128 0.906498
0.4 22.9074 0.72324
0.41 23.0237 0.570394
0.42 23.1302 0.427692
0.43 23.2604 0.316222
0.44 23.398 0.221612
0.45 23.5488 0.148158
0.46 23.7039 0.0891018
0.47 23.8674 0.0459906
0.48 24.0379 0.0181202
0.49 24.2149 0.00391014
0.5 24.3988 0.00281994
0.51 24.5892 0.0140468
0.52 24.7841 0.0368702
0.53 24.986 0.0709733
0.54 25.1912 0.114684
0.55 25.4016 0.169253
0.56 25.6184 0.231945
0.57 25.8389 0.302881
0.58 26.0619 0.383764
0.59 26.291 0.478433
0.6 26.5193 0.573164
0.61 26.7585 0.676155
0.62 26.9892 0.789705
0.63 27.2324 0.910169
0.64 27.4871 1.03764
0.65 27.7339 1.16667
0.66 27.9828 1.30402
0.67 28.2334 1.45264
0.68 28.4861 1.60644
0.69 28.7468 1.75674
0.7 29.01 1.91897
0.71 29.273 2.09901
0.72 29.5439 2.26635
0.73 29.7992 2.4566
0.74 30.0693 2.64122
0.75 30.3362 2.82625
0.76 30.6195 3.0028
0.77 30.8937 3.19827
0.78 31.165 3.41782
0.79 31.4503 3.60806
0.8 31.7255 3.86911
0.81 31.9919 4.05935
0.82 32.2795 4.30933
0.83 32.5653 4.51761
0.84 32.8614 4.7377
0.85 33.1383 4.9743
0.86 33.4282 5.24371
0.87 33.7249 5.47564
0.88 34.0115 5.74166
0.89 34.2935 5.96954
0.9 34.5801 6.25036
0.91 34.8816 6.51493
0.92 35.1918 6.75503
0.93 35.4714 7.04976
0.94 35.7711 7.32158
0.95 36.0627 7.58244
0.96 36.3558 7.8811
0.97 36.6745 8.14326
0.98 36.9746 8.42334
0.99 37.2756 8.73127
1 37.5572 9.0649
1.01 37.8739 9.38647
1.02 38.1561 9.69678
1.03 38.4651 9.99446
1.04 38.7786 10.2637
1.05 39.0823 10.5798
1.06 39.4007 10.9056
1.07 39.6922 11.3433
1.08 40.0098 11.6635
1.09 40.3154 11.9267
