0.1 25.9466 57.3626
0.11 23.4933 45.3843
0.12 22.1609 39.675
0.13 20.4919 33.6292
0.14 19.3048 27.3503
0.15 18.0835 22.7881
0.16 17.2222 19.4867
0.17 16.4035 16.4367
0.18 15.5133 14.4746
0.19 15.186 13.0337
0.2 14.4791 10.7737
0.21 13.9919 9.69184
0.22 13.5591 8.54635
0.23 13.1557 7.31654
0.24 12.8536 6.51208
0.25 12.4949 5.58764
0.26 12.2887 5.0281
0.27 11.9611 4.33442
0.28 11.7009 3.65603
0.29 11.5251 3.29392
0.3 11.3179 2.82022
0.31 11.1409 2.48688
0.32 10.981 2.06457
0.33 10.875 1.83297
0.34 10.7499 1.55754
0.35 10.6326 1.30354
0.36 10.5383 1.11887
0.37 10.4513 0.923483
0.38 10.386 0.784115
0.39 10.316 0.646595
0.4 10.2474 0.515786
0.41 10.2041 0.389394
0.42 10.1483 0.304618
0.43 10.1098 0.22692
0.44 10.0854 0.166151
0.45 10.0511 0.110799
0.46 10.0359 0.0692518
0.47 10.0179 0.0380099
0.48 10.0091 0.0167556
0.49 10.0009 0.00409165
0.5 10 0
0.51 10.0026 0.00391941
0.52 10.0099 0.0153524
0.53 10.0165 0.0343729
0.54 10.0303 0.0587517
0.55 10.0446 0.0919784
0.56 10.0652 0.129093
0.57 10.088 0.171582
0.58 10.1162 0.217707
0.59 10.1417 0.271377
0.6 10.155 0.343538
0.61 10.2095 0.392912
0.62 10.2391 0.474814
0.63 10.264 0.546212
0.64 10.3168 0.61687
0.65 10.3465 0.707311
0.66 10.3915 0.796234
0.67 10.4138 0.885445
0.68 10.4809 0.967574
0.69 10.53 1.06947
0.7 10.5692 1.19232
0.71 10.6398 1.26711
0.72 10.6811 1.37736
0.73 10.7351 1.48592
0.74 10.7899 1.61909
0.75 10.8353 1.73806
0.76 10.8996 1.88089
0.77 10.9438 1.9765
0.78 11.0155 2.10204
0.79 11.0708 2.24201
0.8 11.1054 2.40113
0.81 11.2005 2.50942
0.82 11.2384 2.65488
0.83 11.3219 2.79619
0.84 11.4006 2.90276
0.85 11.4194 3.12071
0.86 11.5122 3.23781
0.87 11.5854 3.37495
0.88 11.6377 3.50772
0.89 11.7244 3.69088
0.9 11.7828 3.90968
0.91 11.83 4.12289
0.92 11.9535 4.17596
0.93 11.9907 4.39125
0.94 12.0484 4.60423
0.95 12.1524 4.65201
0.96 12.2089 4.90947
0.97 12.268 5.10063
0.98 12.3705 5.26279
0.99 12.4656 5.26657
1 12.4744 5.65233
1.01 12.5618 5.8229
1.02 12.6891 5.97468
1.03 12.7423 6.13089
1.04 12.7967 6.40894
1.05 12.8957 6.63425
1.06 12.9778 6.75509
1.07 13.0153 7.04537
1.08 13.1009 7.19021
1.09 13.227 7.37632
