0.1 260.066 603.34
0.11 238.846 470.471
0.12 220.3 384.973
0.13 205.474 314.494
0.14 192.756 280.366
0.15 182.25 230.809
0.16 172.178 199.495
0.17 164.306 164.653
0.18 156.959 148.123
0.19 150.71 128.236
0.2 145.166 109.462
0.21 140.202 94.9545
0.22 135.544 83.7527
0.23 131.83 75.0753
0.24 128.271 63.6308
0.25 125.14 55.9386
0.26 122.073 48.3511
0.27 119.67 44.6219
0.28 117.365 37.2927
0.29 115.259 32.3463
0.3 113.334 27.8734
0.31 111.676 25.5516
0.32 110.186 20.8645
0.33 108.768 18.3817
0.34 107.526 15.1747
0.35 106.442 13.5643
0.36 105.525 11.1589
0.37 104.561 9.38563
0.38 103.813 7.52918
0.39 103.103 6.37139
0.4 102.517 5.11072
0.41 102.003 3.97539
0.42 101.54 3.0097
0.43 101.125 2.29211
0.44 100.831 1.66911
0.45 100.565 1.10554
0.46 100.359 0.691065
0.47 100.184 0.379822
0.48 100.087 0.170267
0.49 100.022 0.0406643
0.5 100 0
0.51 100.02 0.0385408
0.52 100.075 0.157969
0.53 100.163 0.334047
0.54 100.293 0.596996
0.55 100.456 0.89376
0.56 100.641 1.31146
0.57 100.833 1.72876
0.58 101.104 2.22401
0.59 101.366 2.70997
0.6 101.669 3.388
0.61 101.969 4.03417
0.62 102.304 4.70127
0.63 102.663 5.33892
0.64 103.082 6.23401
0.65 103.437 7.10964
0.66 103.859 7.8954
0.67 104.279 8.74226
0.68 104.802 9.68851
0.69 105.213 10.8794
0.7 105.692 11.7483
0.71 106.18 12.7526
0.72 106.731 13.6939
0.73 107.224 15.336
0.74 107.758 15.9732
0.75 108.304 17.452
0.76 108.92 18.3149
0.77 109.473 20.0637
0.78 109.972 21.1315
0.79 110.646 22.4495
0.8 111.234 23.3876
0.81 111.858 25.2632
0.82 112.458 26.6192
0.83 113.073 27.9994
0.84 113.73 28.9397
0.85 114.46 31.006
0.86 115.029 32.5637
0.87 115.703 34.0322
0.88 116.36 35.2115
0.89 117.138 36.8846
0.9 117.74 39.0221
0.91 118.457 40.3648
0.92 119.099 41.9494
0.93 119.914 43.1208
0.94 120.585 46.0379
0.95 121.269 46.8739
0.96 122.011 49.0567
0.97 122.798 50.1336
0.98 123.51 53.0925
0.99 124.148 54.4246
1 124.995 56.3919
1.01 125.74 57.4054
1.02 126.533 60.3986
1.03 127.222 62.0285
1.04 127.987 64.1664
1.05 128.771 64.9287
1.06 129.629 68.0303
1.07 130.301 70.0081
1.08 131.122 72.1357
1.09 131.858 73.834
