0.1 40.784 89.1645
0.11 38.1172 72.0052
0.12 35.4538 59.5747
0.13 33.2476 48.3387
0.14 31.7159 40.0812
0.15 30.0415 34.3373
0.16 28.8742 29.3852
0.17 27.9564 25.4998
0.18 26.9476 22.0823
0.19 26.2445 19.1527
0.2 25.6461 16.6041
0.21 25.0819 14.4017
0.22 24.499 12.5226
0.23 24.1286 11.0318
0.24 23.7113 9.50491
0.25 23.5159 8.42741
0.26 23.2559 7.27448
0.27 23.0822 6.34182
0.28 22.8832 5.58997
0.29 22.7469 4.81697
0.3 22.6513 4.19128
0.31 22.588 3.6121
0.32 22.58 3.0994
0.33 22.56 2.67535
0.34 22.543 2.30292
0.35 22.5733 1.92762
0.36 22.6181 1.63044
0.37 22.6551 1.38136
0.38 22.7337 1.13467
0.39 22.8119 0.920675
0.4 22.9027 0.719566
0.41 23.0182 0.567239
0.42 23.1255 0.425453
0.43 23.2618 0.312027
0.44 23.3931 0.219884
0.45 23.551 0.148318
0.46 23.7013 0.0880325
0.47 23.8681 0.0462735
0.48 24.0386 0.018168
0.49 24.2145 0.00451065
0.5 24.4 0.00287366
0.51 24.5898 0.0141671
0.52 24.7857 0.0365968
0.53 24.9856 0.0710035
0.54 25.1921 0.114183
0.55 25.3967 0.168201
0.56 25.623 0.230039
0.57 25.8467 0.300637
