0.1 130.156 294.659
0.11 119.386 233.543
0.12 110.233 191.672
0.13 102.353 163.101
0.14 95.6683 135.782
0.15 91.1235 117.946
0.16 86.4617 96.3369
0.17 82.0005 83.8341
0.18 78.4992 73.841
0.19 75.3458 62.8921
0.2 72.6682 54.9788
0.21 69.8835 48.1115
0.22 67.6105 41.7829
0.23 65.8839 36.8767
0.24 64.1889 32.5624
0.25 62.6403 27.9024
0.26 60.9741 24.3657
0.27 59.8718 21.62
0.28 58.7117 19.0748
0.29 57.5802 16.1044
0.3 56.6469 14.17
0.31 55.7343 12.2164
0.32 55.097 10.8102
0.33 54.4833 9.05289
0.34 53.7259 7.84343
0.35 53.2571 6.72991
0.36 52.7354 5.55326
0.37 52.3299 4.67267
0.38 51.8643 3.84379
0.39 51.5143 3.14614
0.4 51.2486 2.49522
0.41 51.0179 2.00161
0.42 50.7736 1.54065
0.43 50.566 1.15168
0.44 50.4233 0.822478
0.45 50.2927 0.563184
0.46 50.1656 0.345196
0.47 50.0873 0.190012
0.48 50.0435 0.0828848
0.49 50.0116 0.0204561
0.5 50 0
0.51 50.0104 0.0196727
0.52 50.0351 0.0771781
0.53 50.0755 0.173089
0.54 50.1484 0.294684
0.55 50.2287 0.451532
0.56 50.3389 0.641853
0.57 50.4245 0.85858
0.58 50.5289 1.0999
0.59 50.6866 1.38231
0.6 50.8223 1.7153
0.61 50.9816 1.9857
0.62 51.1354 2.36161
0.63 51.3707 2.70652
0.64 51.5535 3.09969
0.65 51.7188 3.48439
0.66 51.918 3.936
0.67 52.1337 4.42648
0.68 52.3788 4.92027
0.69 52.596 5.37208
0.7 52.7983 5.97206
0.71 53.1348 6.35707
0.72 53.3812 6.88151
0.73 53.6181 7.44556
0.74 53.8731 8.04466
0.75 54.1306 8.66154
0.76 54.4471 9.30411
0.77 54.6968 10.0254
0.78 54.9911 10.6556
0.79 55.309 11.1915
0.8 55.6434 11.793
0.81 55.9843 12.5475
0.82 56.224 13.2025
0.83 56.5054 13.8191
0.84 56.867 14.7684
0.85 57.1704 15.6624
0.86 57.5089 16.1953
0.87 57.7739 17.0455
0.88 58.2664 17.8187
0.89 58.5895 18.4444
0.9 58.8586 19.1899
0.91 59.2124 19.9852
0.92 59.5311 20.968
0.93 59.9479 22.0383
0.94 60.2424 22.7513
0.95 60.5806 23.9307
0.96 61.0758 24.297
0.97 61.4016 25.1163
0.98 61.7859 26.1372
0.99 62.1025 27.1468
1 62.4249 27.9123
1.01 62.855 29.0946
1.02 63.1715 30.5181
1.03 63.6136 30.9854
1.04 63.9471 31.9601
1.05 64.4701 33.0397
1.06 64.8237 33.9124
1.07 65.1645 34.5315
1.08 65.5223 35.7482
1.09 65.908 37.1948
